010
011
016
013
014
035
020
047
050
067
070
074
078
080
081
082
090
098
115
117
119
122
125
126
136
140
146
155
158
160
165
175
180
190
185
192
189
193
195
198
202
203
206
207
219
216
220
300
364
332
355
351
354
353
358
359
356
370
382
015
373
573
374
375
381
522
360
001
377
387
211
390
400
420
440
447
450
460
470
490
489
501
505
510
508
512
506
533
535
540
547
557
554
555
556
558
560
565
563
567
574
575
550
617
580
590
595
607
615
620
624
628
630
632
635
640
650
652
660
667
670
680
685
690
691
692
694
700
701
705
709
711
713
723
715
721
718
720
725
730
745
750
762
776
775
787
790
810
830
843
832
833
851
840
860
902
888
861
904
910
920
940
955
960
959
799
956
965
966
973
974
967
971
975
988
991
